2.08337400000000
0.112762000000000
0.0877460000000000
0.0896870000000000
0.0868970000000000
0.114148000000000
0.0863820000000000
0.0804440000000000
0.0943510000000000
0.0861690000000000
0.0889210000000000
0.0903280000000000
0.0895170000000000
0.0719970000000000
0.0690420000000000
0.0695640000000000
0.0897250000000000
0.0771130000000000
0.0844360000000000
0.0994550000000000
0.0763310000000000
0.0936350000000000
0.0650960000000000
0.0808060000000000
0.0752280000000000
0.0595490000000000