2.07976500000000
0.112771000000000
0.0875280000000000
0.0896970000000000
0.0868970000000000
0.114050000000000
0.0862610000000000
0.0803870000000000
0.0943450000000000
0.0861220000000000
0.0888950000000000
0.0902100000000000
0.0894210000000000
0.0719550000000000
0.0690470000000000
0.0693710000000000
0.0897400000000000
0.0769450000000000
0.0844440000000000
0.0994710000000000
0.0762000000000000
0.0935900000000000
0.0650900000000000
0.0807850000000000
0.0752350000000000
0.0595320000000000
0.0712850000000000